image: playpen.pgm
resolution: 0.050000
origin: [-10.913068, -10.564281, 0.000000]
negate: 0
occupied_thresh: 0.65
free_thresh: 0.196

